{
  "Contig Stats": {
    "L10": 1266,
    "L20": 6292,
    "L30": 15682,
    "L40": 27801,
    "L50": 42012,
    "N10": 1703,
    "N20": 576,
    "N30": 402,
    "N40": 332,
    "N50": 289,
    "gc_content": 37.14814291678645,
    "longest": 17196,
    "mean": 333.6144987169949,
    "median": 262.0,
    "sequence_count": 131722,
    "shortest": 26,
    "total_bps": 43944369
  },
  "Scaffold Stats": {
    "L10": 1226,
    "L20": 6143,
    "L30": 15377,
    "L40": 27399,
    "L50": 41549,
    "N10": 1770,
    "N20": 590,
    "N30": 408,
    "N40": 334,
    "N50": 290,
    "gc_content": 37.14814291678645,
    "longest": 17196,
    "mean": 334.93872931924005,
    "median": 262.0,
    "sequence_count": 131221,
    "shortest": 78,
    "total_bps": 43950995
  }
}
